[1,1] [1,1] [1,1] [1,1] [1,6] [1,6] [1,6] [1,6] [1,6] [1,6] [1,6] 
[1,1] [1,1] [1,1] [1,1] [1,6] [1,6] [1,6] [1,6] [1,6] [1,6] [1,6] 
[1,1] [1,1] [1,1] [3,4] [3,4] [1,6] [1,6] [1,6] [1,6] [1,6] [1,6] 
[1,1] [1,1] [3,4] [3,4] [3,4] [3,4] [1,6] [1,6] [1,6] [1,6] [1,6] 
[1,1] [1,1] [3,4] [3,4] [3,4] [5,5] [5,5] [5,5] [5,5] [8,9] [8,9] 
[1,1] [1,1] [5,5] [5,5] [5,5] [5,5] [5,5] [5,5] [5,5] [8,9] [8,9] 
[8,3] [8,3] [8,3] [8,3] [5,5] [5,5] [5,5] [5,5] [8,9] [8,9] [8,9] 
[8,3] [8,3] [8,3] [8,3] [8,3] [5,5] [5,5] [8,9] [8,9] [8,9] [8,9] 
[8,3] [8,3] [8,3] [8,3] [8,3] [8,3] [8,3] [8,9] [8,9] [8,9] [8,9] 
[8,3] [8,3] [8,3] [8,3] [8,3] [8,3] [8,3] [8,9] [8,9] [8,9] [8,9] 
